0
0	0	0	1	2	1	1	1	"Kris"					6	6	11	50	20	0	0	0	40	40	0	0	1	1	1	1	1
1	0	0	1	3	1	1	1	"Short Sword"					3	3	7	20	22	0	0	0	60	0	0	0	1	1	1	1	1
2	0	0	1	3	1	1	1	"Rapier"					9	9	15	40	23	0	0	0	50	40	0	0	1	0	1	1	1
3	0	20	1	3	1	1	1	"Katana"					16	16	26	35	27	0	0	0	80	40	0	0	1	0	1	0	1
4	0	21	1	3	1	1	1	"Sword of Assassin"					12	12	18	30	24	0	0	0	60	40	0	0	1	0	1	0	1
5	0	22	1	3	1	1	1	"Blade"					36	36	47	30	39	0	0	0	80	50	0	0	1	1	1	1	1
6	0	20	1	3	1	1	1	"Gladius"					20	20	30	20	30	0	0	0	110	0	0	0	1	0	1	1	1
7	0	21	1	3	1	1	1	"Falchion"					24	24	34	25	34	0	0	0	120	0	0	0	1	0	1	0	1
8	0	21	1	3	1	1	1	"Serpent Sword"					30	30	40	20	36	0	0	0	130	0	0	0	1	0	1	0	1
9	0	20	2	3	1	1	1	"Sword of Salamander"					32	32	46	30	40	0	0	0	103	0	0	0	1	0	1	0	1
10	0	22	2	4	1	1	1	"Light Saber"					40	47	61	25	50	0	0	0	80	60	0	0	1	0	1	1	1
11	0	20	2	3	1	1	1	"Legendary Sword"					44	56	72	20	54	0	0	0	120	0	0	0	1	0	1	0	1
12	0	19	2	3	1	1	1	"Heliacal Sword"					56	73	98	25	66	0	0	0	140	0	0	0	1	0	1	0	1
13	0	22	1	3	1	1	1	"Double Blade"					48	48	56	30	43	0	0	0	70	70	0	0	1	0	1	1	1
14	0	22	1	3	1	1	1	"Lightning Sword"					59	59	67	30	50	0	0	0	90	50	0	0	1	0	1	1	1
15	0	23	2	3	1	1	1	"Giant Sword"					52	60	85	20	60	0	0	0	140	0	0	0	1	0	1	0	1
16	0	22	1	4	1	1	1	"Sword of Destruction"					82	82	90	35	84	0	0	0	160	60	0	0	1	0	1	0	1
17	0	23	2	4	1	1	1	"Dark Breaker"					104	128	153	40	89	0	0	0	180	50	0	0	1	0	2	0	0
18	0	23	2	3	1	1	1	"Thunder Blade"					105	140	168	40	86	0	0	0	180	50	0	0	1	0	0	0	1
19	0	22	1	4	1	1	0	"Divine Sword of Archangel"					86	120	130	35	168	0	0	0	140	50	0	0	0	0	1	0	1
20	0	22	1	4	1	1	0	"Knight Blade"					140	107	115	35	90	0	0	0	116	38	0	0	0	0	2	0	0
31	0	56	2	4	1	1	1	"Rune Blade"					100	104	130	35	93	0	104	0	135	62	9	0	3	0	0	0	1
end
1
0	0	0	1	3	1	1	1	"Small Axe"					1	1	6	20	18	0	0	0	50	0	0	0	1	1	1	1	1
1	0	0	1	3	1	1	1	"Hand Axe"					4	4	9	30	20	0	0	0	70	0	0	0	1	1	1	1	1
2	0	19	1	3	1	1	1	"Double Axe"					14	14	24	20	26	0	0	0	90	0	0	0	1	0	1	0	1
3	0	19	1	3	1	1	1	"Tomahawk"					18	18	28	30	28	0	0	0	100	0	0	0	1	0	1	0	1
4	0	0	1	3	1	1	1	"Elven Axe"					26	26	38	40	32	0	0	0	50	70	0	0	1	1	0	1	1
5	0	19	2	3	1	1	1	"Battle Axe"					30	36	44	20	36	0	0	0	120	0	0	0	1	0	1	1	1
6	0	19	2	3	1	1	1	"Nikea Axe"					34	38	50	30	44	0	0	0	130	0	0	0	1	0	1	1	1
7	0	19	2	3	1	1	1	"Larkan Axe"					46	54	67	25	55	0	0	0	140	0	0	0	1	0	1	0	1
8	0	19	2	3	1	1	1	"Crescent Axe"					54	69	89	30	65	0	0	0	100	40	0	0	1	1	1	0	1
end
2
0	0	0	1	3	1	1	1	"Mace"					7	7	13	15	21	0	0	0	100	0	0	0	1	0	1	0	1
1	0	19	1	3	1	1	1	"Morning Star"					13	13	22	15	25	0	0	0	100	0	0	0	1	0	1	0	1
2	0	0	1	3	1	1	1	"Flail"					22	22	32	15	32	0	0	0	80	50	0	0	1	0	1	0	1
3	0	19	2	3	1	1	1	"Great Hammer"					38	45	56	15	50	0	0	0	150	0	0	0	1	0	1	0	1
4	0	19	2	3	1	1	1	"Crystal Morning Star"					66	78	107	30	72	0	0	0	130	0	0	0	1	1	1	1	1
5	0	23	2	4	1	1	1	"Crystal Sword"					72	89	120	40	76	0	0	0	130	70	0	0	1	1	1	1	1
6	0	23	2	4	1	1	0	"Chaos Dragon Axe"					75	102	130	35	80	0	0	0	140	50	0	0	0	0	1	0	1
7	0	0	1	3	1	1	1	"Elemental Mace"					90	62	80	50	50	0	0	0	15	42	0	0	1	0	0	2	0
8	0	19	1	3	1	1	1	"Mace of the King"					40	40	51	20	40	0	0	0	120	0	0	0	1	1	1	1	1
end
3
0	0	22	2	4	1	1	1	"Light Spear"					42	50	63	25	56	0	0	0	60	70	0	0	1	0	1	1	1
1	0	0	2	4	1	1	1	"Spear"					23	30	41	30	42	0	0	0	70	50	0	0	1	0	1	1	1
2	0	0	2	4	1	1	1	"Dragon Lance"					15	21	33	30	34	0	0	0	70	50	0	0	1	0	1	1	1
3	0	0	2	4	1	1	1	"Giant Trident"					29	35	43	25	44	0	0	0	90	30	0	0	1	0	1	1	1
4	0	20	2	4	1	1	1	"Serpent Spear"					46	58	80	20	58	0	0	0	90	30	0	0	1	0	1	1	1
5	0	0	2	4	1	1	1	"Double Poleaxe"					13	19	31	30	38	0	0	0	70	50	0	0	1	0	1	1	1
6	0	0	2	4	1	1	1	"Halberd"					19	25	35	30	40	0	0	0	70	50	0	0	1	0	1	1	1
7	0	22	2	4	1	1	1	"Berdysh"					37	42	54	30	54	0	0	0	80	50	0	0	1	0	1	1	1
8	0	22	2	4	1	1	1	"Great Scythe"					54	71	92	25	68	0	0	0	90	50	0	0	1	0	1	1	1
9	0	22	2	4	1	1	1	"Bill of Balrog"					63	76	102	25	74	0	0	0	80	50	0	0	1	0	1	1	1
10	0	22	2	4	1	1	1	"Dragon Spear"					92	112	140	35	85	0	0	0	170	60	0	0	1	0	2	0	0
end
4
0	1	24	2	3	1	1	1	"Short Bow"					2	3	5	30	20	0	0	0	20	80	0	0	2	0	0	1	0
1	1	24	2	3	1	1	1	"Bow"					8	9	13	30	24	0	0	0	30	90	0	0	2	0	0	1	0
2	1	24	2	3	1	1	1	"Elven Bow"					16	17	24	30	28	0	0	0	30	90	0	0	2	0	0	1	0
3	1	24	2	3	1	1	1	"Battle Bow"					26	28	37	30	36	0	0	0	30	90	0	0	2	0	0	1	0
4	1	24	2	4	1	1	1	"Tiger Bow"					40	42	52	30	43	0	0	0	30	100	0	0	2	0	0	1	0
5	1	24	2	4	1	1	1	"Silver Bow"					56	59	71	40	48	0	0	0	30	100	0	0	2	0	0	1	0
6	1	24	2	4	1	1	0	"Chaos Nature Bow"					75	88	106	35	68	0	0	0	40	150	0	0	0	0	0	1	0
7	1	0	1	1	1	1	1	"Bolts"					0	0	0	0	-1	0	0	0	0	0	0	0	0	0	0	1	0
8	0	24	2	2	1	1	1	"Crossbow"					4	5	8	40	22	0	0	0	20	90	0	0	2	0	0	1	0
9	0	24	2	2	1	1	1	"Golden Crossbow"					12	13	19	40	26	0	0	0	30	90	0	0	2	0	0	1	0
10	0	24	2	2	1	1	1	"Arquebus"					20	22	30	40	31	0	0	0	30	90	0	0	2	0	0	1	0
11	0	24	2	3	1	1	1	"Light Crossbow"					32	35	44	40	40	0	0	0	30	90	0	0	2	0	0	1	0
12	0	24	2	3	1	1	1	"Serpent Crossbow"					48	50	61	40	45	0	0	0	30	100	0	0	2	0	0	1	0
13	0	24	2	3	1	1	1	"Bluewing Crossbow"					68	68	82	40	56	0	0	0	40	110	0	0	2	0	0	1	0
14	0	24	2	3	1	1	1	"Aquagold Crossbow"					72	78	92	30	60	0	0	0	50	130	0	0	2	0	0	1	0
15	0	0	1	1	1	1	1	"Arrows"					0	0	0	0	-1	0	0	0	0	0	0	0	0	0	0	1	0
16	0	24	2	4	1	1	1	"Saint Crossbow"					84	102	127	35	72	0	0	0	50	160	0	0	2	0	0	1	0
17	1	24	2	4	1	1	1	"Celestial Bow"					92	127	155	35	76	0	0	0	54	198	0	0	2	0	0	2	0
18	0	24	2	3	1	1	1	"Divine Crossbow of Archangel"					100	144	166	35	200	0	0	0	40	110	0	0	0	0	0	1	0
end
5
0	0	0	1	3	1	1	1	"Skull Staff"					6	3	4	20	0	20	6	0	40	0	0	0	3	1	0	0	1
1	0	0	2	3	1	1	1	"Angelic Staff"					18	10	12	25	0	38	20	0	50	0	0	0	3	1	0	0	1
2	0	0	2	3	1	1	1	"Serpent Staff"					30	17	18	25	0	50	34	0	50	0	0	0	3	1	0	0	1
3	0	0	2	4	1	1	1	"Thunder Staff"					42	23	25	25	0	60	46	0	40	10	0	0	3	1	0	0	1
4	0	0	2	4	1	1	1	"Gorgon Staff"					52	29	32	25	0	65	58	0	50	0	0	0	3	1	0	0	1
5	0	0	1	4	1	1	1	"Legendary Staff"					59	29	31	25	0	66	59	0	50	0	0	0	3	1	0	0	1
6	0	0	1	4	1	1	1	"Staff of Resurrection"					70	35	39	25	0	70	70	0	60	10	0	0	3	1	0	0	1
7	0	0	2	4	1	1	0	"Chaos Lightning Staff"					75	47	48	30	0	70	94	0	60	10	0	0	0	1	0	0	1
8	0	0	2	4	1	1	1	"Staff of Destruction"					90	50	54	30	0	85	101	0	60	10	0	0	3	1	0	0	1
9	0	0	1	4	1	1	1	"Dragon Soul Staff"					100	46	48	30	0	91	92	0	52	16	0	0	3	2	0	0	0
10	0	0	1	4	1	1	1	"Divine Staff of Archangel"					104	53	55	20	0	182	106	0	36	4	0	0	0	1	0	0	1
end
6
0	1	0	2	2	1	1	1	"Small Shield"					3	1	3	22	0	70	0	0	0	4	1	1	1	1
1	1	0	2	2	1	1	1	"Horn Shield"					9	3	9	28	0	100	0	0	0	4	0	1	0	1
2	1	0	2	2	1	1	1	"Kite Shield"					12	4	12	32	0	110	0	0	0	4	0	1	0	1
3	1	0	2	2	1	1	1	"Elven Shield"					21	8	21	36	0	30	100	0	0	4	0	0	1	0
4	1	18	2	2	1	1	1	"Buckler"					6	2	6	24	0	80	0	0	0	4	1	1	1	1
5	1	18	2	2	1	1	1	"Dragon Slayer Shield"					35	10	36	44	0	100	40	0	0	4	0	1	0	1
6	1	18	2	2	1	1	1	"Skull Shield"					15	5	15	34	0	110	0	0	0	4	1	1	1	1
7	1	18	2	2	1	1	1	"Spiked Shield"					30	9	30	40	0	130	0	0	0	4	0	1	0	1
8	1	18	2	2	1	1	1	"Tower Shield"					40	11	40	46	0	130	0	0	0	4	0	1	1	1
9	1	18	2	2	1	1	1	"Plate Shield"					25	8	25	38	0	120	0	0	0	4	0	1	0	1
10	1	18	2	2	1	1	1	"Large Round Shield"					18	6	18	35	0	120	0	0	0	4	0	1	0	1
11	1	18	2	2	1	1	1	"Serpent Shield"					45	12	45	48	0	130	0	0	0	4	0	1	1	1
12	1	18	2	2	1	1	1	"Bronze Shield"					54	13	54	52	0	140	0	0	0	4	0	1	0	1
13	1	18	2	2	1	1	1	"Dragon Shield"					60	14	60	60	0	120	40	0	0	4	0	1	0	1
14	1	0	2	3	1	1	1	"Legendary Shield"					48	7	48	50	0	90	25	0	0	4	1	0	1	1
15	1	0	2	3	1	1	1	"Grand Soul Shield"					74	12	55	55	0	70	23	0	0	4	2	0	0	0
16	1	0	2	2	1	1	1	"Elemental Shield"					66	11	28	51	0	30	60	30	0	4	0	0	2	0
end
7
0	2	0	2	2	1	1	1	"Bronze Helm"					16	9	0	34	0	80	20	0	0	4	0	1	0	0
1	2	0	2	2	1	1	1	"Dragon Helm"					57	24	0	68	0	120	30	0	0	4	0	1	0	0
2	2	0	2	2	1	1	1	"Pad Helm"					5	4	0	28	0	20	0	0	0	4	1	0	0	0
3	2	0	2	2	1	1	1	"Legendary Helm"					50	18	0	42	0	30	0	0	0	4	1	0	0	0
4	2	0	2	2	1	1	1	"Bone Helm"					18	9	0	30	0	30	0	0	0	4	1	0	0	0
5	2	0	2	2	1	1	1	"Leather Helm"					6	5	0	30	0	80	0	0	0	4	0	1	0	0
6	2	0	2	2	1	1	1	"Scale Helm"					26	12	0	40	0	110	0	0	0	4	0	1	0	0
7	2	0	2	2	1	1	1	"Sphinx Helm"					32	13	0	36	0	30	0	0	0	4	1	0	0	0
8	2	0	2	2	1	1	1	"Brass Helm"					36	17	0	44	0	100	30	0	0	4	0	1	0	0
9	2	0	2	2	1	1	1	"Plate Helm"					46	20	0	50	0	130	0	0	0	4	0	1	0	0
10	2	0	2	2	1	1	1	"Vine Helm"					6	4	0	22	0	30	60	0	0	4	0	0	1	0
11	2	0	2	2	1	1	1	"Silk Helm"					16	8	0	26	0	30	70	0	0	4	0	0	1	0
12	2	0	2	2	1	1	1	"Wind Helm"					28	12	0	32	0	30	80	0	0	4	0	0	1	0
13	2	0	2	2	1	1	1	"Spirit Helm"					40	16	0	38	0	40	80	0	0	4	0	0	1	0
14	2	0	2	2	1	1	1	"Guardian Helm"					53	23	0	45	0	40	80	0	0	4	0	0	1	0
16	2	0	2	2	1	1	1	"Black Dragon Helm"					82	30	0	74	0	170	60	0	0	4	0	1	0	0
17	2	0	2	2	1	1	1	"Dark Phoenix Helm"					92	43	0	80	0	205	62	0	0	4	0	2	0	0
18	2	0	2	2	1	1	1	"Grand Soul Helm"					81	27	0	67	0	59	20	0	0	4	2	0	0	0
19	2	0	2	2	1	1	1	"Divine Helm"					85	37	0	74	0	50	110	0	0	4	0	0	2	0
21	2	0	2	2	1	1	0	"Great Dragon Helm"					104	53	0	86	0	200	58	0	0	4	0	2	0	0
end
8
0	3	0	2	2	1	1	1	"Bronze Armor"					18	14	0	34	0	80	20	0	0	4	0	1	0	1
1	3	0	2	3	1	1	1	"Dragon Armor"					59	37	0	68	0	120	30	0	0	4	0	1	0	1
2	3	0	2	2	1	1	1	"Pad Armor"					10	7	0	28	0	30	0	0	0	4	1	0	0	1
3	3	0	2	2	1	1	1	"Legendary Armor"					56	22	0	42	0	40	0	0	0	4	1	0	0	1
4	3	0	2	2	1	1	1	"Bone Armor"					22	13	0	30	0	40	0	0	0	4	1	0	0	1
5	3	0	2	3	1	1	1	"Leather Armor"					10	10	0	30	0	80	0	0	0	4	0	1	0	1
6	3	0	2	2	1	1	1	"Scale Armor"					28	18	0	40	0	110	0	0	0	4	0	1	0	1
7	3	0	2	3	1	1	1	"Sphinx Armor"					38	17	0	36	0	40	0	0	0	4	1	0	0	1
8	3	0	2	2	1	1	1	"Brass Armor"					38	22	0	44	0	100	30	0	0	4	0	1	0	1
9	3	0	2	2	1	1	1	"Plate Armor"					48	30	0	50	0	130	0	0	0	4	0	1	0	1
10	3	0	2	2	1	1	1	"Vine Armor"					10	8	0	22	0	30	60	0	0	4	0	0	1	0
11	3	0	2	2	1	1	1	"Silk Armor"					20	12	0	26	0	30	70	0	0	4	0	0	1	0
12	3	0	2	2	1	1	1	"Wind Armor"					32	16	0	32	0	30	80	0	0	4	0	0	1	0
13	3	0	2	2	1	1	1	"Spirit Armor"					44	21	0	38	0	40	80	0	0	4	0	0	1	0
14	3	0	2	2	1	1	1	"Guardian Armor"					57	29	0	45	0	40	80	0	0	4	0	0	1	0
15	3	0	2	3	1	1	1	"Storm Crow Armor"					80	44	0	80	0	150	70	0	0	4	0	0	0	1
16	3	0	2	3	1	1	1	"Black Dragon Armor"					90	48	0	74	0	170	60	0	0	4	0	1	0	0
17	3	0	2	3	1	1	1	"Dark Phoenix Armor"					100	63	0	80	0	214	65	0	0	4	0	2	0	0
18	3	0	2	3	1	1	1	"Grand Soul Armor"					91	33	0	67	0	59	20	0	0	4	2	0	0	0
19	3	0	2	2	1	1	1	"Divine Armor"					92	44	0	74	0	50	110	0	0	4	0	0	2	0
20	3	0	2	3	1	1	1	"Thunder Hawk Armor"					107	60	0	82	0	170	70	0	0	4	0	0	0	1
21	3	0	2	3	1	1	0	"Great Dragon Armor"					126	75	0	86	0	200	58	0	0	4	0	2	0	0
end
9
0	4	0	2	2	1	1	1	"Bronze Pants"					15	10	0	34	0	80	20	0	0	4	0	1	0	1
1	4	0	2	2	1	1	1	"Dragon Pants"					55	26	0	68	0	120	30	0	0	4	0	1	0	1
2	4	0	2	2	1	1	1	"Pad Pants"					8	5	0	28	0	30	0	0	0	4	1	0	0	1
3	4	0	2	2	1	1	1	"Legendary Pants"					53	20	0	42	0	40	0	0	0	4	1	0	0	1
4	4	0	2	2	1	1	1	"Bone Pants"					20	10	0	30	0	40	0	0	0	4	1	0	0	1
5	4	0	2	2	1	1	1	"Leather Pants"					8	7	0	30	0	80	0	0	0	4	0	1	0	1
6	4	0	2	2	1	1	1	"Scale Pants"					25	14	0	40	0	110	0	0	0	4	0	1	0	1
7	4	0	2	2	1	1	1	"Sphinx Pants"					34	15	0	36	0	40	0	0	0	4	1	0	0	1
8	4	0	2	2	1	1	1	"Brass Pants"					35	18	0	44	0	100	30	0	0	4	0	1	0	1
9	4	0	2	2	1	1	1	"Plate Pants"					45	22	0	50	0	130	0	0	0	4	0	1	0	1
10	4	0	2	2	1	1	1	"Vine Pants"					8	6	0	22	0	30	60	0	0	4	0	0	1	0
11	4	0	2	2	1	1	1	"Silk Pants"					18	10	0	26	0	30	70	0	0	4	0	0	1	0
12	4	0	2	2	1	1	1	"Wind Pants"					30	14	0	32	0	30	80	0	0	4	0	0	1	0
13	4	0	2	2	1	1	1	"Spirit Pants"					42	18	0	38	0	40	80	0	0	4	0	0	1	0
14	4	0	2	2	1	1	1	"Guardian Pants"					54	25	0	45	0	40	80	0	0	4	0	0	1	0
15	4	0	2	2	1	1	1	"Storm Crow Pants"					74	34	0	80	0	150	70	0	0	4	0	0	0	1
16	4	0	2	2	1	1	1	"Black Dragon Pants"					84	40	0	74	0	170	60	0	0	4	0	1	0	0
17	4	0	2	2	1	1	1	"Dark Phoenix Pants"					96	54	0	80	0	207	63	0	0	4	0	2	0	0
18	4	0	2	2	1	1	1	"Grand Soul Pants"					86	30	0	67	0	59	20	0	0	4	2	0	0	0
19	4	0	2	2	1	1	1	"Divine Pants"					88	39	0	74	0	50	110	0	0	4	0	0	2	0
20	4	0	2	2	1	1	1	"Thunder Hawk Pants"					99	49	0	82	0	150	70	0	0	4	0	0	0	1
21	4	0	2	2	1	1	0	"Great Dragon Pants"					113	65	0	86	0	200	58	0	0	4	0	2	0	0
end
10
0	5	0	2	2	1	1	1	"Bronze Gloves"					13	4	0	34	0	80	20	0	0	4	0	1	0	1
1	5	0	2	2	1	1	1	"Dragon Gloves"					52	14	0	68	0	120	30	0	0	4	0	1	0	1
2	5	0	2	2	1	1	1	"Pad Gloves"					3	2	0	28	0	20	0	0	0	4	1	0	0	1
3	5	0	2	2	1	1	1	"Legendary Gloves"					44	11	0	42	0	20	0	0	0	4	1	0	0	1
4	5	0	2	2	1	1	1	"Bone Gloves"					14	5	0	30	0	20	0	0	0	4	1	0	0	1
5	5	0	2	2	1	1	1	"Leather Gloves"					4	2	0	30	0	80	0	0	0	4	0	1	0	1
6	5	0	2	2	1	1	1	"Scale Gloves"					22	7	0	40	0	110	0	0	0	4	0	1	0	1
7	5	0	2	2	1	1	1	"Sphinx Gloves"					28	8	0	36	0	20	0	0	0	4	1	0	0	1
8	5	0	2	2	1	1	1	"Brass Gloves"					32	9	0	44	0	100	30	0	0	4	0	1	0	1
9	5	0	2	2	1	1	1	"Plate Gloves"					42	12	0	50	0	130	0	0	0	4	0	1	0	1
10	5	0	2	2	1	1	1	"Vine Gloves"					4	2	0	22	0	30	60	0	0	4	0	0	1	0
11	5	0	2	2	1	1	1	"Silk Gloves"					14	4	0	26	0	30	70	0	0	4	0	0	1	0
12	5	0	2	2	1	1	1	"Wind Gloves"					26	6	0	32	0	30	80	0	0	4	0	0	1	0
13	5	0	2	2	1	1	1	"Spirit Gloves"					38	9	0	38	0	40	80	0	0	4	0	0	1	0
14	5	0	2	2	1	1	1	"Guardian Gloves"					50	15	0	45	0	40	80	0	0	4	0	0	1	0
15	5	0	2	2	1	1	1	"Storm Crow Gloves"					70	20	0	80	0	150	70	0	0	4	0	0	0	1
16	5	0	2	2	1	1	1	"Black Dragon Gloves"					76	22	0	74	0	170	60	0	0	4	0	1	0	0
17	5	0	2	2	1	1	1	"Dark Phoenix Gloves"					86	37	0	80	0	205	63	0	0	4	0	2	0	0
18	5	0	2	2	1	1	1	"Grand Soul Gloves"					70	20	0	67	0	49	10	0	0	4	2	0	0	0
19	5	0	2	2	1	1	1	"Divine Gloves"					72	29	0	74	0	50	110	0	0	4	0	0	2	0
20	5	0	2	2	1	1	1	"Thunder Hawk Gloves"					88	34	0	82	0	150	70	0	0	4	0	0	0	1
21	5	0	2	2	1	1	0	"Great Dragon Gloves"					94	48	0	86	0	200	58	0	0	4	0	2	0	0
end
11
0	6	0	2	2	1	1	1	"Bronze Boots"					12	4	0	34	0	80	20	0	0	4	0	1	0	1
1	6	0	2	2	1	1	1	"Dragon Boots"					54	15	0	68	0	120	30	0	0	4	0	1	0	1
2	6	0	2	2	1	1	1	"Pad Boots"					4	3	0	28	0	20	0	0	0	4	1	0	0	1
3	6	0	2	2	1	1	1	"Legendary Boots"					46	12	0	42	0	30	0	0	0	4	1	0	0	1
4	6	0	2	2	1	1	1	"Bone Boots"					16	6	0	30	0	30	0	0	0	4	1	0	0	1
5	6	0	2	2	1	1	1	"Leather Boots"					5	2	0	30	0	80	0	0	0	4	0	1	0	1
6	6	0	2	2	1	1	1	"Scale Boots"					22	8	0	40	0	110	0	0	0	4	0	1	0	1
7	6	0	2	2	1	1	1	"Sphinx Boots"					30	9	0	36	0	30	0	0	0	4	1	0	0	1
8	6	0	2	2	1	1	1	"Brass Boots"					32	10	0	44	0	100	30	0	0	4	0	1	0	1
9	6	0	2	2	1	1	1	"Plate Boots"					42	12	0	50	0	130	0	0	0	4	0	1	0	1
10	6	0	2	2	1	1	1	"Vine Boots"					5	2	0	22	0	30	60	0	0	4	0	0	1	0
11	6	0	2	2	1	1	1	"Silk Boots"					15	4	0	26	0	30	70	0	0	4	0	0	1	0
12	6	0	2	2	1	1	1	"Wind Boots"					27	7	0	32	0	30	80	0	0	4	0	0	1	0
13	6	0	2	2	1	1	1	"Spirit Boots"					40	10	0	38	0	40	80	0	0	4	0	0	1	0
14	6	0	2	2	1	1	1	"Guardian Boots"					52	16	0	45	0	40	80	0	0	4	0	0	1	0
15	6	0	2	2	1	1	1	"Storm Crow Boots"					72	22	0	80	0	150	70	0	0	4	0	0	0	1
16	6	0	2	2	1	1	1	"Black Dragon Boots"					78	24	0	74	0	170	60	0	0	4	0	1	0	0
17	6	0	2	2	1	1	1	"Dark Phoenix Boots"					93	40	0	80	0	198	60	0	0	4	0	2	0	0
18	6	0	2	2	1	1	1	"Grand Soul Boots"					76	22	0	67	0	59	10	0	0	4	2	0	0	0
19	6	0	2	2	1	1	1	"Divine Boots"					81	30	0	74	0	50	110	0	0	4	0	0	2	0
20	6	0	2	2	1	1	1	"Thunder Hawk Boots"					92	37	0	82	0	150	70	0	0	4	0	0	0	1
21	6	0	2	2	1	1	0	"Great Dragon Boots"					98	50	0	86	0	200	58	0	0	4	0	2	0	0
end
12
0	7	0	3	2	1	1	0	"Wings of Elf"					100	10	200	180	0	0	0	0	0	0	1	0
1	7	0	5	3	1	1	0	"Wings of Heaven"					100	10	200	180	0	0	0	0	1	0	0	1
2	7	0	5	2	1	1	0	"Wings of Satan"					100	20	200	180	0	0	0	0	0	1	0	1
3	7	0	5	3	1	1	0	"Wings of Spirits"					150	30	200	215	0	0	0	0	0	0	2	0
4	7	0	5	3	1	1	0	"Wings of Soul"					150	30	200	215	0	0	0	0	2	0	0	0
5	7	0	3	3	1	1	0	"Wings of Dragon"					150	45	200	215	0	0	0	0	0	2	0	0
6	7	0	4	2	1	1	0	"Wings of Darkness"					150	40	200	215	0	0	0	0	0	0	0	1
7	-1	0	1	1	1	1	1	"Orb of Twisting Slash"					47	0	0	80	0	0	0	29000	0	1	0	1
8	-1	0	1	1	1	1	1	"Healing Orb"					8	0	0	0	100	0	0	800	0	0	1	0
9	-1	0	1	1	1	1	1	"Orb of Greater Defense"					13	0	0	0	100	0	0	3000	0	0	1	0
10	-1	0	1	1	1	1	1	"Orb of Greater Damage"					18	0	0	0	100	0	0	7000	0	0	1	0
11	-1	0	1	1	1	1	1	"Orb of Summoning"					3	0	0	0	0	0	0	150	0	0	1	0
12	-1	0	1	1	1	1	1	"Orb of Rageful Blow"					78	0	0	170	0	0	0	150000	0	2	0	0
13	-1	0	1	1	1	1	1	"Orb of Impale"					20	0	0	28	0	0	0	10000	0	1	0	1
14	-1	0	1	1	1	1	1	"Orb of Greater Fortitude"					60	0	0	120	0	0	0	43000	0	1	0	0
15	-1	0	1	1	1	1	0	"Jewel of Chaos"					12	0	1	0	0	0	0	0	1	1	1	1
16	-1	0	1	1	1	1	1	"Orb of Fire Slash"					60	0	0	0	0	320	0	51000	0	0	0	1
17	-1	0	1	1	1	1	1	"Orb of Penetration"					64	0	0	130	0	0	0	72000	0	0	1	0
18	-1	0	1	1	1	1	1	"Orb of Ice Arrow"					81	0	0	0	0	0	258	195000	0	0	2	0
19	-1	0	1	1	1	1	1	"Orb of Death Stab"					72	0	0	160	0	0	0	85000	0	2	0	0
end
13
0	8	0	1	1	1	1	1	"Guardian Angel"					23	-1	0	0	0	0	0	1	1	1	1
1	8	0	1	1	1	1	1	"Imp"					28	-1	0	0	0	0	0	1	1	1	1
2	8	0	1	1	1	1	1	"Horn of Uniria"					25	-1	0	0	0	0	0	1	1	1	1
3	8	49	1	1	1	1	0	"Horn of Dinorant"					110	-1	0	0	0	0	0	1	1	1	1
8	10	0	1	1	1	1	1	"Ring of Ice"					20	50	1	0	0	0	2	1	1	1	1
9	10	0	1	1	1	1	1	"Ring of Poison"					17	50	0	1	0	0	4	1	1	1	1
10	10	0	1	1	1	1	1	"Transformation Ring"					0	200	0	0	0	0	0	1	1	1	1
12	9	0	1	1	1	1	1	"Pendant of Lightning"					21	50	0	0	1	0	3	1	1	1	1
13	9	0	1	1	1	1	1	"Pendant of Fire"					13	50	0	0	0	1	1	1	1	1	1
14	-1	0	1	2	1	1	0	"Loch's Feather"					78	0	0	0	0	0	0	1	1	1	1
15	-1	0	1	1	1	1	0	"Fruit"					0	0	0	0	0	0	0	1	1	1	1
16	-1	0	1	2	1	1	0	"Scroll of Archangel"					0	128	0	0	0	0	0	1	1	1	1
17	-1	0	1	2	1	1	0	"Blood Bone"					0	128	0	0	0	0	0	1	1	1	1
18	-1	0	2	2	1	1	0	"Cloak of Invisibility"					0	-1	0	0	0	0	0	1	1	1	1
19	-1	0	1	2	1	1	0	"Divine Weapon of Archangel"					0	-1	0	0	0	0	0	1	1	1	1
end
14
0	-1	0	1	1	1	1	1	"Apple"					5	1
1	-1	0	1	1	1	1	1	"Small Healing Potion"					10	10
2	-1	0	1	1	1	1	1	"Medium Healing Potion"					20	25
3	-1	0	1	1	1	1	1	"Large Healing Potion"					30	40
4	-1	0	1	1	1	1	1	"Small Mana Potion"					10	10
5	-1	0	1	1	1	1	1	"Medium Mana Potion"					20	25
6	-1	0	1	1	1	1	1	"Large Mana Potion"					30	40
8	-1	0	1	1	1	1	1	"Antidote"					10	10
9	-1	0	1	2	1	1	1	"Ale"					30	15
10	-1	0	1	2	1	1	1	"Town Portal Scroll"					30	30
11	-1	0	1	1	1	1	0	"Box of Luck"					0	0
12	-1	0	1	1	1	1	0	"Heart"					0	0
13	-1	0	1	1	1	1	0	"Jewel of Bless"					150	25
14	-1	0	1	1	1	1	0	"Jewel of Soul"					150	30
15	-1	0	1	1	1	1	0	"Zen"					0	0
16	-1	0	1	1	1	1	0	"Jewel of Life"					0	72
17	-1	0	1	1	1	1	0	"Devil's Eye"					0	1
18	-1	0	1	1	1	1	0	"Devil's Key"					0	1
19	-1	0	1	1	1	1	0	"Devil's Invitation"					0	0
20	-1	0	1	1	1	1	0	"Remedy of Love"					0	0
21	-1	0	1	1	1	1	0	"Rena"					0	0
22	-1	0	1	1	1	1	0	"Jewel of Creation"					0	78
23	-1	0	1	1	1	1	0	"Scroll of Emperor"					0	0
24	-1	0	1	2	1	1	0	"Broken Sword"					0	0
25	-1	0	1	1	1	1	0	"Tear of Elf"					0	0
26	-1	0	1	1	1	1	0	"Soul Shard of Wizard"					0	0
end
15
0	-1	0	1	2	1	1	1	"Scroll of Poison"					30	0	100	17000	1	0	0	1
1	-1	0	1	2	1	1	1	"Scroll of Meteorite"					21	0	100	11000	1	0	0	1
2	-1	0	1	2	1	1	1	"Scroll of Lightning"					13	0	100	3000	1	0	0	1
3	-1	0	1	2	1	1	1	"Scroll of Fire Ball"					5	0	100	300	1	0	0	1
4	-1	0	1	2	1	1	1	"Scroll of Flame"					35	0	100	21000	1	0	0	1
5	-1	0	1	2	1	1	1	"Scroll of Teleport"					17	0	100	5000	1	0	0	0
6	-1	0	1	2	1	1	1	"Scroll of Ice"					25	0	100	14000	1	0	0	1
7	-1	0	1	2	1	1	1	"Scroll of Twister"					40	0	100	25000	1	0	0	1
8	-1	0	1	2	1	1	1	"Scroll of Evil Spirit"					50	0	100	35000	1	0	0	1
9	-1	0	1	2	1	1	1	"Scroll of Hellfire"					60	0	100	60000	1	0	0	1
10	-1	0	1	2	1	1	1	"Scroll of Power Wave"					9	0	100	1150	1	0	0	1
11	-1	0	1	2	1	1	1	"Scroll of Aqua Beam"					74	0	110	100000	1	0	0	1
12	-1	0	1	2	1	1	1	"Scroll of Cometfall"					80	0	150	175000	1	0	0	1
13	-1	0	1	2	1	1	1	"Scroll of Inferno"					88	0	200	265000	1	0	0	1
14	-1	0	1	2	1	1	1	"Scroll of Teleport Ally"					83	0	188	245000	2	0	0	0
15	-1	0	1	2	1	1	1	"Scroll of Soul Barrier"					77	0	126	135000	1	0	0	0
end
